{
 "cells": [
  {
   "cell_type": "markdown",
   "metadata": {},
   "source": [
    "To use pytorch geometric temporal, make sure you have torch 1.9.0 installed (uninstall 1.10.0 before)."
   ]
  },
  {
   "cell_type": "code",
   "execution_count": 98,
   "metadata": {},
   "outputs": [
    {
     "name": "stdout",
     "output_type": "stream",
     "text": [
      "1.9.0+cpu\n"
     ]
    }
   ],
   "source": [
    "import torch\n",
    "print(torch.__version__)"
   ]
  },
  {
   "cell_type": "code",
   "execution_count": 99,
   "metadata": {},
   "outputs": [],
   "source": [
    "import torch\n",
    "import numpy as np\n",
    "import pandas as pd"
   ]
  },
  {
   "cell_type": "code",
   "execution_count": 100,
   "metadata": {},
   "outputs": [
    {
     "name": "stdout",
     "output_type": "stream",
     "text": [
      "Looking in links: https://pytorch-geometric.com/whl/torch-1.9.0+cpu.html\n",
      "Requirement already satisfied: torch-scatter in c:\\users\\erdon\\anaconda3\\lib\\site-packages (2.0.9)\n",
      "Looking in links: https://pytorch-geometric.com/whl/torch-1.9.0+cpu.html\n",
      "Requirement already satisfied: torch-sparse in c:\\users\\erdon\\anaconda3\\lib\\site-packages (0.6.12)\n",
      "Requirement already satisfied: scipy in c:\\users\\erdon\\anaconda3\\lib\\site-packages (from torch-sparse) (1.6.2)\n",
      "Requirement already satisfied: numpy<1.23.0,>=1.16.5 in c:\\users\\erdon\\anaconda3\\lib\\site-packages (from scipy->torch-sparse) (1.20.1)\n",
      "Looking in links: https://pytorch-geometric.com/whl/torch-1.9.0+cpu.html\n",
      "Requirement already satisfied: torch-cluster in c:\\users\\erdon\\anaconda3\\lib\\site-packages (1.5.9)\n",
      "Looking in links: https://pytorch-geometric.com/whl/torch-1.9.0+cpu.html\n",
      "Requirement already satisfied: torch-spline-conv in c:\\users\\erdon\\anaconda3\\lib\\site-packages (1.2.1)\n",
      "Requirement already satisfied: torch-geometric in c:\\users\\erdon\\anaconda3\\lib\\site-packages (2.0.2)\n",
      "Requirement already satisfied: scipy in c:\\users\\erdon\\anaconda3\\lib\\site-packages (from torch-geometric) (1.6.2)\n",
      "Requirement already satisfied: requests in c:\\users\\erdon\\anaconda3\\lib\\site-packages (from torch-geometric) (2.25.1)\n",
      "Requirement already satisfied: tqdm in c:\\users\\erdon\\anaconda3\\lib\\site-packages (from torch-geometric) (4.59.0)\n",
      "Requirement already satisfied: pandas in c:\\users\\erdon\\anaconda3\\lib\\site-packages (from torch-geometric) (1.2.4)\n",
      "Requirement already satisfied: pyparsing in c:\\users\\erdon\\anaconda3\\lib\\site-packages (from torch-geometric) (2.4.7)\n",
      "Requirement already satisfied: networkx in c:\\users\\erdon\\anaconda3\\lib\\site-packages (from torch-geometric) (2.5)\n",
      "Requirement already satisfied: scikit-learn in c:\\users\\erdon\\anaconda3\\lib\\site-packages (from torch-geometric) (0.24.1)\n",
      "Requirement already satisfied: rdflib in c:\\users\\erdon\\anaconda3\\lib\\site-packages (from torch-geometric) (6.0.2)\n",
      "Requirement already satisfied: googledrivedownloader in c:\\users\\erdon\\anaconda3\\lib\\site-packages (from torch-geometric) (0.4)\n",
      "Requirement already satisfied: jinja2 in c:\\users\\erdon\\anaconda3\\lib\\site-packages (from torch-geometric) (2.11.3)\n",
      "Requirement already satisfied: PyYAML in c:\\users\\erdon\\anaconda3\\lib\\site-packages (from torch-geometric) (5.4.1)\n",
      "Requirement already satisfied: yacs in c:\\users\\erdon\\anaconda3\\lib\\site-packages (from torch-geometric) (0.1.8)\n",
      "Requirement already satisfied: numpy in c:\\users\\erdon\\anaconda3\\lib\\site-packages (from torch-geometric) (1.20.1)\n",
      "Requirement already satisfied: MarkupSafe>=0.23 in c:\\users\\erdon\\anaconda3\\lib\\site-packages (from jinja2->torch-geometric) (1.1.1)\n",
      "Requirement already satisfied: decorator>=4.3.0 in c:\\users\\erdon\\anaconda3\\lib\\site-packages (from networkx->torch-geometric) (4.4.2)\n",
      "Requirement already satisfied: python-dateutil>=2.7.3 in c:\\users\\erdon\\anaconda3\\lib\\site-packages (from pandas->torch-geometric) (2.8.1)\n",
      "Requirement already satisfied: pytz>=2017.3 in c:\\users\\erdon\\anaconda3\\lib\\site-packages (from pandas->torch-geometric) (2021.1)\n",
      "Requirement already satisfied: six>=1.5 in c:\\users\\erdon\\anaconda3\\lib\\site-packages (from python-dateutil>=2.7.3->pandas->torch-geometric) (1.15.0)\n",
      "Requirement already satisfied: isodate in c:\\users\\erdon\\anaconda3\\lib\\site-packages (from rdflib->torch-geometric) (0.6.0)\n",
      "Requirement already satisfied: setuptools in c:\\users\\erdon\\anaconda3\\lib\\site-packages (from rdflib->torch-geometric) (52.0.0.post20210125)\n",
      "Requirement already satisfied: idna<3,>=2.5 in c:\\users\\erdon\\anaconda3\\lib\\site-packages (from requests->torch-geometric) (2.10)\n",
      "Requirement already satisfied: certifi>=2017.4.17 in c:\\users\\erdon\\anaconda3\\lib\\site-packages (from requests->torch-geometric) (2020.12.5)\n",
      "Requirement already satisfied: urllib3<1.27,>=1.21.1 in c:\\users\\erdon\\anaconda3\\lib\\site-packages (from requests->torch-geometric) (1.26.4)\n",
      "Requirement already satisfied: chardet<5,>=3.0.2 in c:\\users\\erdon\\anaconda3\\lib\\site-packages (from requests->torch-geometric) (4.0.0)\n",
      "Requirement already satisfied: joblib>=0.11 in c:\\users\\erdon\\anaconda3\\lib\\site-packages (from scikit-learn->torch-geometric) (1.0.1)\n",
      "Requirement already satisfied: threadpoolctl>=2.0.0 in c:\\users\\erdon\\anaconda3\\lib\\site-packages (from scikit-learn->torch-geometric) (2.1.0)\n",
      "Requirement already satisfied: torch-geometric-temporal in c:\\users\\erdon\\anaconda3\\lib\\site-packages (0.41)\n",
      "Requirement already satisfied: decorator==4.4.2 in c:\\users\\erdon\\anaconda3\\lib\\site-packages (from torch-geometric-temporal) (4.4.2)\n",
      "Requirement already satisfied: numpy in c:\\users\\erdon\\anaconda3\\lib\\site-packages (from torch-geometric-temporal) (1.20.1)\n",
      "Requirement already satisfied: torch in c:\\users\\erdon\\appdata\\roaming\\python\\python38\\site-packages (from torch-geometric-temporal) (1.9.0)\n",
      "Requirement already satisfied: torch-scatter in c:\\users\\erdon\\anaconda3\\lib\\site-packages (from torch-geometric-temporal) (2.0.9)\n",
      "Requirement already satisfied: torch-sparse in c:\\users\\erdon\\anaconda3\\lib\\site-packages (from torch-geometric-temporal) (0.6.12)\n",
      "Requirement already satisfied: scipy in c:\\users\\erdon\\anaconda3\\lib\\site-packages (from torch-geometric-temporal) (1.6.2)\n",
      "Requirement already satisfied: six in c:\\users\\erdon\\anaconda3\\lib\\site-packages (from torch-geometric-temporal) (1.15.0)\n",
      "Requirement already satisfied: torch-geometric in c:\\users\\erdon\\anaconda3\\lib\\site-packages (from torch-geometric-temporal) (2.0.2)\n",
      "Requirement already satisfied: torch-spline-conv in c:\\users\\erdon\\anaconda3\\lib\\site-packages (from torch-geometric-temporal) (1.2.1)\n",
      "Requirement already satisfied: torch-cluster in c:\\users\\erdon\\anaconda3\\lib\\site-packages (from torch-geometric-temporal) (1.5.9)\n",
      "Requirement already satisfied: tqdm in c:\\users\\erdon\\anaconda3\\lib\\site-packages (from torch-geometric-temporal) (4.59.0)\n",
      "Requirement already satisfied: typing-extensions in c:\\users\\erdon\\anaconda3\\lib\\site-packages (from torch->torch-geometric-temporal) (3.7.4.3)\n",
      "Requirement already satisfied: jinja2 in c:\\users\\erdon\\anaconda3\\lib\\site-packages (from torch-geometric->torch-geometric-temporal) (2.11.3)\n",
      "Requirement already satisfied: PyYAML in c:\\users\\erdon\\anaconda3\\lib\\site-packages (from torch-geometric->torch-geometric-temporal) (5.4.1)\n",
      "Requirement already satisfied: yacs in c:\\users\\erdon\\anaconda3\\lib\\site-packages (from torch-geometric->torch-geometric-temporal) (0.1.8)\n",
      "Requirement already satisfied: pandas in c:\\users\\erdon\\anaconda3\\lib\\site-packages (from torch-geometric->torch-geometric-temporal) (1.2.4)\n",
      "Requirement already satisfied: pyparsing in c:\\users\\erdon\\anaconda3\\lib\\site-packages (from torch-geometric->torch-geometric-temporal) (2.4.7)\n",
      "Requirement already satisfied: networkx in c:\\users\\erdon\\anaconda3\\lib\\site-packages (from torch-geometric->torch-geometric-temporal) (2.5)\n",
      "Requirement already satisfied: requests in c:\\users\\erdon\\anaconda3\\lib\\site-packages (from torch-geometric->torch-geometric-temporal) (2.25.1)\n",
      "Requirement already satisfied: googledrivedownloader in c:\\users\\erdon\\anaconda3\\lib\\site-packages (from torch-geometric->torch-geometric-temporal) (0.4)\n",
      "Requirement already satisfied: rdflib in c:\\users\\erdon\\anaconda3\\lib\\site-packages (from torch-geometric->torch-geometric-temporal) (6.0.2)\n",
      "Requirement already satisfied: scikit-learn in c:\\users\\erdon\\anaconda3\\lib\\site-packages (from torch-geometric->torch-geometric-temporal) (0.24.1)\n",
      "Requirement already satisfied: MarkupSafe>=0.23 in c:\\users\\erdon\\anaconda3\\lib\\site-packages (from jinja2->torch-geometric->torch-geometric-temporal) (1.1.1)\n",
      "Requirement already satisfied: pytz>=2017.3 in c:\\users\\erdon\\anaconda3\\lib\\site-packages (from pandas->torch-geometric->torch-geometric-temporal) (2021.1)\n",
      "Requirement already satisfied: python-dateutil>=2.7.3 in c:\\users\\erdon\\anaconda3\\lib\\site-packages (from pandas->torch-geometric->torch-geometric-temporal) (2.8.1)\n",
      "Requirement already satisfied: isodate in c:\\users\\erdon\\anaconda3\\lib\\site-packages (from rdflib->torch-geometric->torch-geometric-temporal) (0.6.0)\n",
      "Requirement already satisfied: setuptools in c:\\users\\erdon\\anaconda3\\lib\\site-packages (from rdflib->torch-geometric->torch-geometric-temporal) (52.0.0.post20210125)\n",
      "Requirement already satisfied: idna<3,>=2.5 in c:\\users\\erdon\\anaconda3\\lib\\site-packages (from requests->torch-geometric->torch-geometric-temporal) (2.10)\n",
      "Requirement already satisfied: urllib3<1.27,>=1.21.1 in c:\\users\\erdon\\anaconda3\\lib\\site-packages (from requests->torch-geometric->torch-geometric-temporal) (1.26.4)\n",
      "Requirement already satisfied: chardet<5,>=3.0.2 in c:\\users\\erdon\\anaconda3\\lib\\site-packages (from requests->torch-geometric->torch-geometric-temporal) (4.0.0)\n",
      "Requirement already satisfied: certifi>=2017.4.17 in c:\\users\\erdon\\anaconda3\\lib\\site-packages (from requests->torch-geometric->torch-geometric-temporal) (2020.12.5)\n",
      "Requirement already satisfied: threadpoolctl>=2.0.0 in c:\\users\\erdon\\anaconda3\\lib\\site-packages (from scikit-learn->torch-geometric->torch-geometric-temporal) (2.1.0)\n",
      "Requirement already satisfied: joblib>=0.11 in c:\\users\\erdon\\anaconda3\\lib\\site-packages (from scikit-learn->torch-geometric->torch-geometric-temporal) (1.0.1)\n"
     ]
    }
   ],
   "source": [
    "!pip install torch-scatter -f https://pytorch-geometric.com/whl/torch-1.9.0+cpu.html\n",
    "!pip install torch-sparse -f https://pytorch-geometric.com/whl/torch-1.9.0+cpu.html\n",
    "!pip install torch-cluster -f https://pytorch-geometric.com/whl/torch-1.9.0+cpu.html\n",
    "!pip install torch-spline-conv -f https://pytorch-geometric.com/whl/torch-1.9.0+cpu.html\n",
    "!pip install torch-geometric\n",
    "!pip install torch-geometric-temporal"
   ]
  },
  {
   "cell_type": "code",
   "execution_count": 100,
   "metadata": {},
   "outputs": [],
   "source": [
    "from sklearn.preprocessing import normalize\n",
    "from sklearn.preprocessing import MinMaxScaler\n",
    "\n",
    "def transform_and_split(data):\n",
    "    # Normalize node features and transform data type\n",
    "    data.x = normalize(data.x, axis=1, norm='max')\n",
    "    data.x = torch.from_numpy(data.x).to(torch.float64)\n",
    "    data.y = data.y.apply_(lambda x:  1 if (x > 0) else 0) # Change y into {0, 1} for binary classification\n",
    "    data.y = data.y.to(torch.float64)    \n",
    "    data.edge_attr = data.edge_attr.to(torch.double)\n",
    "\n",
    "\n",
    "    # Split into train/test set\n",
    "#    split = nodeSplit(split=\"train_rest\", num_splits = 1, num_val = 0.0, num_test= 0.2)\n",
    "#    masked_data = split(data)\n",
    "\n",
    "#    print(\"Training samples:\", torch.sum(masked_data.train_mask).item())\n",
    "#    print(\"Validation samples:\", torch.sum(masked_data.val_mask ).item())\n",
    "#    print(\"Test samples:\", torch.sum(masked_data.test_mask ).item())\n",
    "    print_basic_info(data)\n",
    "    return data"
   ]
  },
  {
   "cell_type": "code",
   "execution_count": 101,
   "metadata": {},
   "outputs": [],
   "source": [
    "def print_basic_info(data):\n",
    "    print()\n",
    "    print(data)\n",
    "    print('===========================================================================================================')\n",
    "\n",
    "    print(f'Number of nodes: {data.num_nodes}')\n",
    "    print(f'Number of edges: {data.num_edges}')\n",
    "    print(f'Average node degree: {data.num_edges / data.num_nodes:.2f}')\n",
    "    print(f'Has isolated nodes: {data.has_isolated_nodes()}')\n",
    "    print(f'Has self-loops: {data.has_self_loops()}')\n",
    "    print(f'Is undirected: {data.is_undirected()}')"
   ]
  },
  {
   "cell_type": "markdown",
   "metadata": {},
   "source": [
    "### Get and split data"
   ]
  },
  {
   "cell_type": "code",
   "execution_count": 103,
   "metadata": {},
   "outputs": [],
   "source": [
    "year = 2016\n",
    "month = 10\n",
    "month_year = []\n",
    "for i in range(59):\n",
    "    if month == 13:\n",
    "        month = 1\n",
    "        year += 1\n",
    "    month_year.append([year, month])\n",
    "    month += 1\n",
    "        "
   ]
  },
  {
   "cell_type": "code",
   "execution_count": 104,
   "metadata": {},
   "outputs": [],
   "source": [
    "import os\n",
    "stock_df = pd.read_csv(\n",
    "            os.path.join('../data/raw',\"stock\",\"raw.csv\"),\n",
    "            usecols=[\"ticker_symbol\", \"Date\", \"Close\"],\n",
    "            parse_dates=[\"Date\"],\n",
    "        )"
   ]
  },
  {
   "cell_type": "code",
   "execution_count": 105,
   "metadata": {},
   "outputs": [
    {
     "data": {
      "text/html": [
       "<div>\n",
       "<style scoped>\n",
       "    .dataframe tbody tr th:only-of-type {\n",
       "        vertical-align: middle;\n",
       "    }\n",
       "\n",
       "    .dataframe tbody tr th {\n",
       "        vertical-align: top;\n",
       "    }\n",
       "\n",
       "    .dataframe thead th {\n",
       "        text-align: right;\n",
       "    }\n",
       "</style>\n",
       "<table border=\"1\" class=\"dataframe\">\n",
       "  <thead>\n",
       "    <tr style=\"text-align: right;\">\n",
       "      <th></th>\n",
       "      <th>Date</th>\n",
       "      <th>Close</th>\n",
       "      <th>ticker_symbol</th>\n",
       "    </tr>\n",
       "  </thead>\n",
       "  <tbody>\n",
       "    <tr>\n",
       "      <th>0</th>\n",
       "      <td>2016-10-03</td>\n",
       "      <td>28.129999</td>\n",
       "      <td>aapl</td>\n",
       "    </tr>\n",
       "    <tr>\n",
       "      <th>1</th>\n",
       "      <td>2016-10-04</td>\n",
       "      <td>28.250000</td>\n",
       "      <td>aapl</td>\n",
       "    </tr>\n",
       "    <tr>\n",
       "      <th>2</th>\n",
       "      <td>2016-10-05</td>\n",
       "      <td>28.262501</td>\n",
       "      <td>aapl</td>\n",
       "    </tr>\n",
       "    <tr>\n",
       "      <th>3</th>\n",
       "      <td>2016-10-06</td>\n",
       "      <td>28.472500</td>\n",
       "      <td>aapl</td>\n",
       "    </tr>\n",
       "    <tr>\n",
       "      <th>4</th>\n",
       "      <td>2016-10-07</td>\n",
       "      <td>28.514999</td>\n",
       "      <td>aapl</td>\n",
       "    </tr>\n",
       "    <tr>\n",
       "      <th>...</th>\n",
       "      <td>...</td>\n",
       "      <td>...</td>\n",
       "      <td>...</td>\n",
       "    </tr>\n",
       "    <tr>\n",
       "      <th>36506</th>\n",
       "      <td>2021-09-27</td>\n",
       "      <td>142.250000</td>\n",
       "      <td>wmt</td>\n",
       "    </tr>\n",
       "    <tr>\n",
       "      <th>36507</th>\n",
       "      <td>2021-09-28</td>\n",
       "      <td>140.500000</td>\n",
       "      <td>wmt</td>\n",
       "    </tr>\n",
       "    <tr>\n",
       "      <th>36508</th>\n",
       "      <td>2021-09-29</td>\n",
       "      <td>140.440002</td>\n",
       "      <td>wmt</td>\n",
       "    </tr>\n",
       "    <tr>\n",
       "      <th>36509</th>\n",
       "      <td>2021-09-30</td>\n",
       "      <td>139.380005</td>\n",
       "      <td>wmt</td>\n",
       "    </tr>\n",
       "    <tr>\n",
       "      <th>36510</th>\n",
       "      <td>2021-10-01</td>\n",
       "      <td>137.050003</td>\n",
       "      <td>wmt</td>\n",
       "    </tr>\n",
       "  </tbody>\n",
       "</table>\n",
       "<p>36511 rows × 3 columns</p>\n",
       "</div>"
      ],
      "text/plain": [
       "            Date       Close ticker_symbol\n",
       "0     2016-10-03   28.129999          aapl\n",
       "1     2016-10-04   28.250000          aapl\n",
       "2     2016-10-05   28.262501          aapl\n",
       "3     2016-10-06   28.472500          aapl\n",
       "4     2016-10-07   28.514999          aapl\n",
       "...          ...         ...           ...\n",
       "36506 2021-09-27  142.250000           wmt\n",
       "36507 2021-09-28  140.500000           wmt\n",
       "36508 2021-09-29  140.440002           wmt\n",
       "36509 2021-09-30  139.380005           wmt\n",
       "36510 2021-10-01  137.050003           wmt\n",
       "\n",
       "[36511 rows x 3 columns]"
      ]
     },
     "execution_count": 105,
     "metadata": {},
     "output_type": "execute_result"
    }
   ],
   "source": [
    "stock_df"
   ]
  },
  {
   "cell_type": "code",
   "execution_count": 106,
   "metadata": {},
   "outputs": [],
   "source": [
    "X_y = []\n",
    "mat_list = []\n",
    "for yr_month in month_year:\n",
    "    yr = yr_month[0]\n",
    "    month = yr_month[1]\n",
    "    directory = '../data/raw/twitter/'\n",
    "    mat_list.append(np.load(directory+str(yr)+'_'+str(month)+'.npy'))\n",
    "    ######################################################## \n",
    "    # prepare X (change this if you want to add SEC emb, etc.)\n",
    "    ########################################################\n",
    "    curr = stock_df[(stock_df.Date.dt.year == yr) & (stock_df.Date.dt.month == month)]\n",
    "    X = curr.pivot_table(\n",
    "            index=\"Date\", columns=\"ticker_symbol\", values=\"Close\"\n",
    "        ).values.T\n",
    "    x_logret = np.diff(np.log(X))\n",
    "    col_zeros = np.zeros((X.shape[0], 1))\n",
    "    x_normalized = np.append(col_zeros, x_logret, 1)\n",
    "    X_tensor = torch.tensor(x_normalized)\n",
    "    X_tensor = X_tensor.to(torch.float64)\n",
    "    \n",
    "    ########################################################\n",
    "    # prepare y (change this if you want to change labels)\n",
    "    ########################################################\n",
    "    if month == 12:\n",
    "        y_yr = yr+1\n",
    "        y_month = 1\n",
    "    else:\n",
    "        y_yr = yr\n",
    "        y_month = month + 1\n",
    "    \n",
    "    nxt = stock_df[(stock_df.Date.dt.year == y_yr) & (stock_df.Date.dt.month == y_month)]\n",
    "    y = nxt.pivot_table(\n",
    "            index=\"Date\", columns=\"ticker_symbol\", values=\"Close\"\n",
    "        ).values.T\n",
    "    y = (y.mean(1) - X.mean(1)) / X.mean(1)\n",
    "    y_tensor = torch.tensor(y)\n",
    "    X_y.append((X_tensor,y_tensor))"
   ]
  },
  {
   "cell_type": "code",
   "execution_count": 59,
   "metadata": {},
   "outputs": [],
   "source": [
    "from torch_geometric.utils import dense_to_sparse\n",
    "edge_idx = []\n",
    "edge_att = []\n",
    "for i in range(59):\n",
    "    edge_index, edge_attr = dense_to_sparse(torch.from_numpy(mat_list[i]))\n",
    "    edge_idx.append(edge_index)\n",
    "    edge_att.append(edge_attr)"
   ]
  },
  {
   "cell_type": "code",
   "execution_count": 60,
   "metadata": {},
   "outputs": [],
   "source": [
    "edge_indices = [i.numpy() for i in edge_idx]\n",
    "edge_weights = [i.numpy() for i in edge_att]"
   ]
  },
  {
   "cell_type": "code",
   "execution_count": 61,
   "metadata": {},
   "outputs": [],
   "source": [
    "features = []\n",
    "targets = []\n",
    "for i in range(59):\n",
    "    features.append(normalize(X_y[i][0].numpy(), axis=1, norm='max'))\n",
    "    #features.append(X_y[i][0].numpy())\n",
    "    targets.append([1 if a > 0 else 0 for a in X_y[i][1].numpy()])\n",
    "targets = np.asarray(targets)"
   ]
  },
  {
   "cell_type": "code",
   "execution_count": 62,
   "metadata": {},
   "outputs": [
    {
     "data": {
      "text/plain": [
       "array([1, 1, 1, 1, 1, 1, 1, 0, 1, 1, 1, 1, 1, 0, 1, 1, 0, 1, 1, 1, 1, 1,\n",
       "       1, 1, 1, 1, 0, 1, 1])"
      ]
     },
     "execution_count": 62,
     "metadata": {},
     "output_type": "execute_result"
    }
   ],
   "source": [
    "targets[3]"
   ]
  },
  {
   "cell_type": "code",
   "execution_count": 63,
   "metadata": {},
   "outputs": [
    {
     "data": {
      "text/plain": [
       "[array([[   0,    0,    2,  651,   61,    6,    0,    3,   29,  145,   65,\n",
       "           77,    2,    1,    0,    0,  424,   22, 1906,    0,    9,   16,\n",
       "           32,    1,    0, 4962,   21,    8,    0],\n",
       "        [   0,    0,    2,  651,   61,    6,    0,    3,   29,  145,   65,\n",
       "           77,    2,    1,    0,    0,  424,   22, 1906,    0,    9,   16,\n",
       "           32,    1,    0, 4962,   21,    8,    0],\n",
       "        [   2,    2,    2,  653,   63,    8,    2,    5,   30,  147,   67,\n",
       "           79,    4,    3,    2,    2,  426,   24, 1908,    2,   11,   18,\n",
       "           34,    3,    2, 4962,   23,   10,    2],\n",
       "        [ 651,  651,  653,  651,  704,  657,  651,  652,  671,  786,  709,\n",
       "          722,  653,  652,  651,  651,  997,  672, 2537,  651,  660,  661,\n",
       "          682,  652,  651, 5342,  672,  651,  651],\n",
       "        [  61,   61,   63,  704,   61,   67,   61,   64,   90,  199,  126,\n",
       "          136,   63,   62,   61,   61,  483,   81, 1966,   61,   70,   77,\n",
       "           93,   62,   61, 4995,   82,   69,   61],\n",
       "        [   6,    6,    8,  657,   67,    6,    6,    9,   35,  150,   71,\n",
       "           83,    8,    7,    6,    6,  430,   28, 1912,    6,   15,   22,\n",
       "           38,    7,    6, 4967,   27,   14,    6],\n",
       "        [   0,    0,    2,  651,   61,    6,    0,    3,   29,  145,   65,\n",
       "           77,    2,    1,    0,    0,  424,   22, 1906,    0,    9,   16,\n",
       "           32,    1,    0, 4962,   21,    8,    0],\n",
       "        [   3,    3,    5,  652,   64,    9,    3,    3,   32,  147,   68,\n",
       "           79,    5,    4,    3,    3,  427,   25, 1909,    3,   12,   19,\n",
       "           35,    4,    3, 4962,   24,   11,    3],\n",
       "        [  29,   29,   30,  671,   90,   35,   29,   32,   29,  174,   94,\n",
       "          106,   31,   30,   29,   29,  451,   51, 1934,   29,   38,   45,\n",
       "           61,   30,   29, 4982,   50,   37,   29],\n",
       "        [ 145,  145,  147,  786,  199,  150,  145,  147,  174,  145,  208,\n",
       "          221,  147,  146,  145,  145,  562,  165, 2027,  145,  154,  160,\n",
       "          177,  146,  145, 5027,  165,  153,  145],\n",
       "        [  65,   65,   67,  709,  126,   71,   65,   68,   94,  208,   65,\n",
       "          142,   67,   66,   65,   65,  480,   87, 1967,   65,   74,   80,\n",
       "           97,   66,   65, 4980,   86,   72,   65],\n",
       "        [  77,   77,   79,  722,  136,   83,   77,   79,  106,  221,  142,\n",
       "           77,   79,   78,   77,   77,  496,   99, 1945,   77,   86,   93,\n",
       "          109,   78,   77, 5006,   98,   85,   77],\n",
       "        [   2,    2,    4,  653,   63,    8,    2,    5,   31,  147,   67,\n",
       "           79,    2,    3,    2,    2,  426,   24, 1908,    2,   11,   18,\n",
       "           34,    3,    2, 4962,   23,   10,    2],\n",
       "        [   1,    1,    3,  652,   62,    7,    1,    4,   30,  146,   66,\n",
       "           78,    3,    1,    1,    1,  425,   23, 1907,    1,   10,   17,\n",
       "           33,    2,    1, 4963,   22,    9,    1],\n",
       "        [   0,    0,    2,  651,   61,    6,    0,    3,   29,  145,   65,\n",
       "           77,    2,    1,    0,    0,  424,   22, 1906,    0,    9,   16,\n",
       "           32,    1,    0, 4962,   21,    8,    0],\n",
       "        [   0,    0,    2,  651,   61,    6,    0,    3,   29,  145,   65,\n",
       "           77,    2,    1,    0,    0,  424,   22, 1906,    0,    9,   16,\n",
       "           32,    1,    0, 4962,   21,    8,    0],\n",
       "        [ 424,  424,  426,  997,  483,  430,  424,  427,  451,  562,  480,\n",
       "          496,  426,  425,  424,  424,  424,  446, 2328,  424,  433,  439,\n",
       "          456,  425,  424, 5160,  445,  431,  424],\n",
       "        [  22,   22,   24,  672,   81,   28,   22,   25,   51,  165,   87,\n",
       "           99,   24,   23,   22,   22,  446,   22, 1928,   22,   31,   38,\n",
       "           54,   23,   22, 4975,   43,   30,   22],\n",
       "        [1906, 1906, 1908, 2537, 1966, 1912, 1906, 1909, 1934, 2027, 1967,\n",
       "         1945, 1908, 1907, 1906, 1906, 2328, 1928, 1906, 1906, 1915, 1922,\n",
       "         1930, 1907, 1906, 5206, 1914, 1914, 1906],\n",
       "        [   0,    0,    2,  651,   61,    6,    0,    3,   29,  145,   65,\n",
       "           77,    2,    1,    0,    0,  424,   22, 1906,    0,    9,   16,\n",
       "           32,    1,    0, 4962,   21,    8,    0],\n",
       "        [   9,    9,   11,  660,   70,   15,    9,   12,   38,  154,   74,\n",
       "           86,   11,   10,    9,    9,  433,   31, 1915,    9,    9,   25,\n",
       "           41,   10,    9, 4969,   30,   17,    9],\n",
       "        [  16,   16,   18,  661,   77,   22,   16,   19,   45,  160,   80,\n",
       "           93,   18,   17,   16,   16,  439,   38, 1922,   16,   25,   16,\n",
       "           48,   17,   16, 4970,   37,   24,   16],\n",
       "        [  32,   32,   34,  682,   93,   38,   32,   35,   61,  177,   97,\n",
       "          109,   34,   33,   32,   32,  456,   54, 1930,   32,   41,   48,\n",
       "           32,   33,   32, 4976,   53,   40,   32],\n",
       "        [   1,    1,    3,  652,   62,    7,    1,    4,   30,  146,   66,\n",
       "           78,    3,    2,    1,    1,  425,   23, 1907,    1,   10,   17,\n",
       "           33,    1,    1, 4962,   22,    9,    1],\n",
       "        [   0,    0,    2,  651,   61,    6,    0,    3,   29,  145,   65,\n",
       "           77,    2,    1,    0,    0,  424,   22, 1906,    0,    9,   16,\n",
       "           32,    1,    0, 4962,   21,    8,    0],\n",
       "        [4962, 4962, 4962, 5342, 4995, 4967, 4962, 4962, 4982, 5027, 4980,\n",
       "         5006, 4962, 4963, 4962, 4962, 5160, 4975, 5206, 4962, 4969, 4970,\n",
       "         4976, 4962, 4962, 4962, 4962, 4965, 4962],\n",
       "        [  21,   21,   23,  672,   82,   27,   21,   24,   50,  165,   86,\n",
       "           98,   23,   22,   21,   21,  445,   43, 1914,   21,   30,   37,\n",
       "           53,   22,   21, 4962,   21,   29,   21],\n",
       "        [   8,    8,   10,  651,   69,   14,    8,   11,   37,  153,   72,\n",
       "           85,   10,    9,    8,    8,  431,   30, 1914,    8,   17,   24,\n",
       "           40,    9,    8, 4965,   29,    8,    8],\n",
       "        [   0,    0,    2,  651,   61,    6,    0,    3,   29,  145,   65,\n",
       "           77,    2,    1,    0,    0,  424,   22, 1906,    0,    9,   16,\n",
       "           32,    1,    0, 4962,   21,    8,    0]], dtype=int64),\n",
       " array([[   0,    0,    0,  475,   59,    2,    5,    5,   31,  139,  114,\n",
       "           82,    1,    0,    1,    1,  409,   18, 1924,    2,   13,   11,\n",
       "           37,    0,    0, 4601,   32,    9,    1],\n",
       "        [   0,    0,    0,  475,   59,    2,    5,    5,   31,  139,  114,\n",
       "           82,    1,    0,    1,    1,  409,   18, 1924,    2,   13,   11,\n",
       "           37,    0,    0, 4601,   32,    9,    1],\n",
       "        [   0,    0,    0,  475,   59,    2,    5,    5,   31,  139,  114,\n",
       "           82,    1,    0,    1,    1,  409,   18, 1924,    2,   13,   11,\n",
       "           37,    0,    0, 4601,   32,    9,    1],\n",
       "        [ 475,  475,  475,  475,  531,  477,  479,  479,  500,  598,  582,\n",
       "          554,  476,  475,  476,  476,  805,  493, 2338,  477,  487,  486,\n",
       "          511,  475,  475, 4822,  506,  475,  476],\n",
       "        [  59,   59,   59,  531,   59,   61,   64,   64,   90,  195,  165,\n",
       "          141,   60,   59,   60,   60,  466,   77, 1981,   61,   72,   70,\n",
       "           96,   59,   59, 4622,   90,   68,   60],\n",
       "        [   2,    2,    2,  477,   61,    2,    7,    7,   33,  141,  116,\n",
       "           84,    3,    2,    3,    3,  411,   20, 1926,    4,   15,   13,\n",
       "           38,    2,    2, 4601,   34,   11,    3],\n",
       "        [   5,    5,    5,  479,   64,    7,    5,   10,   36,  144,  119,\n",
       "           87,    6,    5,    6,    6,  414,   23, 1929,    7,   18,   16,\n",
       "           42,    5,    5, 4602,   37,   14,    6],\n",
       "        [   5,    5,    5,  479,   64,    7,   10,    5,   36,  142,  119,\n",
       "           87,    6,    5,    6,    6,  414,   23, 1929,    7,   18,   16,\n",
       "           42,    5,    5, 4601,   37,   14,    6],\n",
       "        [  31,   31,   31,  500,   90,   33,   36,   36,   31,  168,  145,\n",
       "          112,   32,   31,   32,   32,  436,   49, 1952,   33,   44,   42,\n",
       "           68,   31,   31, 4613,   63,   40,   32],\n",
       "        [ 139,  139,  139,  598,  195,  141,  144,  142,  168,  139,  250,\n",
       "          217,  140,  139,  140,  140,  538,  157, 2054,  141,  152,  150,\n",
       "          169,  139,  139, 4653,  171,  146,  140],\n",
       "        [ 114,  114,  114,  582,  165,  116,  119,  119,  145,  250,  114,\n",
       "          192,  115,  114,  115,  115,  515,  132, 2038,  116,  127,  125,\n",
       "          151,  114,  114, 4633,  146,  123,  115],\n",
       "        [  82,   82,   82,  554,  141,   84,   87,   87,  112,  217,  192,\n",
       "           82,   83,   82,   83,   83,  486,  100, 1951,   84,   95,   93,\n",
       "          119,   82,   82, 4648,  114,   91,   83],\n",
       "        [   1,    1,    1,  476,   60,    3,    6,    6,   32,  140,  115,\n",
       "           83,    1,    1,    2,    2,  410,   19, 1925,    3,   14,   12,\n",
       "           38,    1,    1, 4601,   33,   10,    2],\n",
       "        [   0,    0,    0,  475,   59,    2,    5,    5,   31,  139,  114,\n",
       "           82,    1,    0,    1,    1,  409,   18, 1924,    2,   13,   11,\n",
       "           37,    0,    0, 4601,   32,    9,    1],\n",
       "        [   1,    1,    1,  476,   60,    3,    6,    6,   32,  140,  115,\n",
       "           83,    2,    1,    1,    2,  410,   19, 1925,    3,   14,   12,\n",
       "           38,    1,    1, 4602,   33,   10,    2],\n",
       "        [   1,    1,    1,  476,   60,    3,    6,    6,   32,  140,  115,\n",
       "           83,    2,    1,    2,    1,  410,   19, 1925,    3,   14,   12,\n",
       "           38,    1,    1, 4602,   33,   10,    2],\n",
       "        [ 409,  409,  409,  805,  466,  411,  414,  414,  436,  538,  515,\n",
       "          486,  410,  409,  410,  410,  409,  427, 2320,  411,  421,  420,\n",
       "          446,  409,  409, 4770,  441,  415,  410],\n",
       "        [  18,   18,   18,  493,   77,   20,   23,   23,   49,  157,  132,\n",
       "          100,   19,   18,   19,   19,  427,   18, 1942,   20,   31,   29,\n",
       "           55,   18,   18, 4615,   50,   27,   19],\n",
       "        [1924, 1924, 1924, 2338, 1981, 1926, 1929, 1929, 1952, 2054, 2038,\n",
       "         1951, 1925, 1924, 1925, 1925, 2320, 1942, 1924, 1926, 1937, 1934,\n",
       "         1956, 1924, 1924, 4930, 1953, 1932, 1925],\n",
       "        [   2,    2,    2,  477,   61,    4,    7,    7,   33,  141,  116,\n",
       "           84,    3,    2,    3,    3,  411,   20, 1926,    2,   15,   13,\n",
       "           39,    2,    2, 4603,   34,   11,    3],\n",
       "        [  13,   13,   13,  487,   72,   15,   18,   18,   44,  152,  127,\n",
       "           95,   14,   13,   14,   14,  421,   31, 1937,   15,   13,   24,\n",
       "           50,   13,   13, 4607,   45,   22,   14],\n",
       "        [  11,   11,   11,  486,   70,   13,   16,   16,   42,  150,  125,\n",
       "           93,   12,   11,   12,   12,  420,   29, 1934,   13,   24,   11,\n",
       "           48,   11,   11, 4602,   43,   20,   12],\n",
       "        [  37,   37,   37,  511,   96,   38,   42,   42,   68,  169,  151,\n",
       "          119,   38,   37,   38,   38,  446,   55, 1956,   39,   50,   48,\n",
       "           37,   37,   37, 4614,   69,   46,   38],\n",
       "        [   0,    0,    0,  475,   59,    2,    5,    5,   31,  139,  114,\n",
       "           82,    1,    0,    1,    1,  409,   18, 1924,    2,   13,   11,\n",
       "           37,    0,    0, 4601,   32,    9,    1],\n",
       "        [   0,    0,    0,  475,   59,    2,    5,    5,   31,  139,  114,\n",
       "           82,    1,    0,    1,    1,  409,   18, 1924,    2,   13,   11,\n",
       "           37,    0,    0, 4601,   32,    9,    1],\n",
       "        [4601, 4601, 4601, 4822, 4622, 4601, 4602, 4601, 4613, 4653, 4633,\n",
       "         4648, 4601, 4601, 4602, 4602, 4770, 4615, 4930, 4603, 4607, 4602,\n",
       "         4614, 4601, 4601, 4601, 4601, 4602, 4602],\n",
       "        [  32,   32,   32,  506,   90,   34,   37,   37,   63,  171,  146,\n",
       "          114,   33,   32,   33,   33,  441,   50, 1953,   34,   45,   43,\n",
       "           69,   32,   32, 4601,   32,   41,   33],\n",
       "        [   9,    9,    9,  475,   68,   11,   14,   14,   40,  146,  123,\n",
       "           91,   10,    9,   10,   10,  415,   27, 1932,   11,   22,   20,\n",
       "           46,    9,    9, 4602,   41,    9,   10],\n",
       "        [   1,    1,    1,  476,   60,    3,    6,    6,   32,  140,  115,\n",
       "           83,    2,    1,    2,    2,  410,   19, 1925,    3,   14,   12,\n",
       "           38,    1,    1, 4602,   33,   10,    1]], dtype=int64),\n",
       " array([[   0,    0,    2,  382,   39,    1,    0,    7,   33,  138,   94,\n",
       "          100,    0,    0,    0,    1,  383,   15, 1965,    1,   13,   12,\n",
       "           33,    0,    1, 4314,   31,    6,    0],\n",
       "        [   0,    0,    2,  382,   39,    1,    0,    7,   33,  138,   94,\n",
       "          100,    0,    0,    0,    1,  383,   15, 1965,    1,   13,   12,\n",
       "           33,    0,    1, 4314,   31,    6,    0],\n",
       "        [   2,    2,    2,  384,   41,    3,    2,    9,   35,  140,   96,\n",
       "          102,    2,    2,    2,    3,  385,   17, 1967,    3,   15,   14,\n",
       "           35,    2,    3, 4314,   33,    8,    2],\n",
       "        [ 382,  382,  384,  382,  416,  383,  382,  388,  412,  510,  472,\n",
       "          479,  382,  382,  382,  383,  696,  396, 2328,  383,  388,  393,\n",
       "          414,  382,  383, 4491,  413,  382,  382],\n",
       "        [  39,   39,   41,  416,   39,   40,   39,   46,   71,  177,  133,\n",
       "          139,   39,   39,   39,   40,  421,   54, 2003,   40,   52,   51,\n",
       "           72,   39,   40, 4331,   70,   45,   39],\n",
       "        [   1,    1,    3,  383,   40,    1,    1,    8,   34,  139,   95,\n",
       "          101,    1,    1,    1,    2,  384,   16, 1966,    2,   14,   13,\n",
       "           34,    1,    2, 4315,   32,    7,    1],\n",
       "        [   0,    0,    2,  382,   39,    1,    0,    7,   33,  138,   94,\n",
       "          100,    0,    0,    0,    1,  383,   15, 1965,    1,   13,   12,\n",
       "           33,    0,    1, 4314,   31,    6,    0],\n",
       "        [   7,    7,    9,  388,   46,    8,    7,    7,   40,  144,  101,\n",
       "          107,    7,    7,    7,    8,  390,   22, 1972,    8,   20,   19,\n",
       "           40,    7,    8, 4314,   38,   13,    7],\n",
       "        [  33,   33,   35,  412,   71,   34,   33,   40,   33,  170,  127,\n",
       "          129,   33,   33,   33,   34,  414,   48, 1993,   34,   46,   45,\n",
       "           66,   33,   34, 4332,   64,   39,   33],\n",
       "        [ 138,  138,  140,  510,  177,  139,  138,  144,  170,  138,  232,\n",
       "          234,  138,  138,  138,  139,  509,  153, 2084,  139,  151,  149,\n",
       "          168,  138,  138, 4368,  169,  144,  138],\n",
       "        [  94,   94,   96,  472,  133,   95,   94,  101,  127,  232,   94,\n",
       "          190,   94,   94,   94,   95,  470,  109, 2057,   95,  107,  106,\n",
       "          127,   94,   95, 4339,  125,  100,   94],\n",
       "        [ 100,  100,  102,  479,  139,  101,  100,  107,  129,  234,  190,\n",
       "          100,  100,  100,  100,  101,  482,  115, 2014,  101,  113,  112,\n",
       "          132,  100,  101, 4365,  131,  106,  100],\n",
       "        [   0,    0,    2,  382,   39,    1,    0,    7,   33,  138,   94,\n",
       "          100,    0,    0,    0,    1,  383,   15, 1965,    1,   13,   12,\n",
       "           33,    0,    1, 4314,   31,    6,    0],\n",
       "        [   0,    0,    2,  382,   39,    1,    0,    7,   33,  138,   94,\n",
       "          100,    0,    0,    0,    1,  383,   15, 1965,    1,   13,   12,\n",
       "           33,    0,    1, 4314,   31,    6,    0],\n",
       "        [   0,    0,    2,  382,   39,    1,    0,    7,   33,  138,   94,\n",
       "          100,    0,    0,    0,    1,  383,   15, 1965,    1,   13,   12,\n",
       "           33,    0,    1, 4314,   31,    6,    0],\n",
       "        [   1,    1,    3,  383,   40,    2,    1,    8,   34,  139,   95,\n",
       "          101,    1,    1,    1,    1,  384,   16, 1966,    2,   14,   13,\n",
       "           34,    1,    2, 4314,   32,    7,    1],\n",
       "        [ 383,  383,  385,  696,  421,  384,  383,  390,  414,  509,  470,\n",
       "          482,  383,  383,  383,  384,  383,  397, 2337,  384,  396,  394,\n",
       "          415,  383,  384, 4493,  414,  389,  383],\n",
       "        [  15,   15,   17,  396,   54,   16,   15,   22,   48,  153,  109,\n",
       "          115,   15,   15,   15,   16,  397,   15, 1980,   16,   28,   27,\n",
       "           48,   15,   16, 4323,   46,   21,   15],\n",
